# data_card_template.yaml
dataset:
  nom: "Student Depression & Lifestyle (100k Data)"
  format: "CSV"
  domaine: ["santé_mentale", "éducation"]
  date_creation: "01/01/2026"
  usage_prevu:
    tache: "classification_binaire/regression"
    cible: "depression/Niveau de stress"
    objectif: "prédire si un étudiant est dépressif (0/1) ou stréssé (0/10) à partir de variables d’habitudes de vie"

provenance:
  source: "Kaggle"
  url: "https://www.kaggle.com/datasets/aldinwhyudii/student-depression-and-lifestyle-100k-data/data"
  auteur_kaggle: "aldinwhyudii"
  licence: "MIT"
  periode_couverte: " N/A => synthétiques"
  population: "étudiants"
  remarques: 
    - "les données sont des données synthétiques generées avec pandas"

schema:  # Les stats sont données au format : [mean,std,min,25%,50%,75%,max] pour les quantitative et [unique,top,freq] pour les qualitatives
  - nom: "Student_ID"  
    type: "entier"
    unite: "entier"
    intervalle_attendu: "unique"
    description: "identifiant unique pour chaque étudiant"
    stats : "[51000.5,28867.657797,1001.0,26000.75,51000.5,76000.25,101000.0]"
  - nom: "Age"
    type: "entier"
    unite: "années"
    intervalle_attendu: "[18:24]"
    description: "agede l'étudiant"
    stats : "[21.00901,2.000382,18.0,19.0,21.0,23.0,24.0]"
  - nom: "Gender"
    type: "catégoriel"
    unite: null
    intervalle_attendu: "[Male;Female]"
    description: "genre de l’étudiant"
    stats : "[2,'Male',50120]"
  - nom: "Department"
    type: "catégoriel"
    unite: null
    intervalle_attendu: "[Science;Engineering;Arts;Medical;Business]"
    description: "domaine d’étude"
    stats : "[5,'Science',20071]"
  - nom: "CGPA"
    type: "float"
    unite: "float"
    intervalle_attendu: "[0:4]"
    description: "performance académique(CGPA)"
    stats : "[2.898316,0.53224,1.56,2.45,2.9,3.35,4.0]"
  - nom: "Sleep_Duration"
    type: "float"
    unite: "heures"
    intervalle_attendu: "[3:12]"
    description: "nombre moyen d’heures de sommeil par nuit"
    stats : "[6.996425,1.498682,3.0, 6.0, 7.0,8.0,12.0]"
  - nom: "Study_Hours"
    type: "float"
    unite: "heures"
    intervalle_attendu: "[0:12.8]"
    description: "nombre moyen d’heures passées à étudier par jour"
    stats : "[4.509517,1.976076,0.0,3.2,4.5.5,5.8,12.8]"
  - nom: "Social_Media_Hours"
    type: "float"
    unite: "heures"
    intervalle_attendu: "[0:10]"
    description: "nombre moyen d’heures passées sur les réseaux sociaux par jour"
    stats : "[3.503288,1.486852,0.0,2.5,3.5,4.5,10.0]"
  - nom: "Physical_Activity"
    type: "entier"
    unite: "minute"
    intervalle_attendu: "[0:150]"
    description: "nombre moyen de minutes d’activité physique par semaine"
    stats : "[74.35318,43.366963,0.0,37.0,74.0,112.0,149.0]"
  - nom: "Stress_Level"
    type: "entier"
    unite: "entier"
    intervalle_attendu: "[0:10]"
    description: "niveau de stress déclaré par l’étudiant"
    stats : "[4.13166,1.424151,2.0,3.0,4.0,5.0,10.0]"
  - nom: "Depression"
    type: "booléen/binaire"
    unite: null
    intervalle_attendu: "[True;False]"
    description: "état de santé mentale"
    stats : "[2,'False',89938]"


qualite_des_donnees:
  - "valeur manquantes : 0 "
  - "doublons : 0"
  - "valeurs aberrantes : Cellules outliers (IQR): 1607 (0.201%); Lignes avec ≥1 outlier: 1591 (1.591%) : Stress_Level,478 ; Study_Hours, 432 ; Sleep_Duration,369 ; Social_Media_Hours,328"
  - "correlation Pearson :[[ 1.000e+00, 9.000e-04,-1.600e-03, 2.800e-03, 1.900e-03,-2.300e-03, 3.300e-03,-5.200e-03],[ 9.000e-04, 1.000e+00, 3.200e-03, 1.400e-03,-3.800e-03,-4.000e-04,-3.700e-03, 3.000e-03],[-1.600e-03, 3.200e-03, 1.000e+00, 1.540e-02, 9.950e-02,-8.800e-02, 4.800e-03,-1.230e-02],[ 2.800e-03, 1.400e-03, 1.540e-02, 1.000e+00, 2.700e-03,-3.000e-03, 3.200e-03,-2.814e-01],[ 1.900e-03,-3.800e-03, 9.950e-02, 2.700e-03, 1.000e+00, 5.300e-03,-2.000e-03, 8.700e-03],[-2.300e-03,-4.000e-04,-8.800e-02,-3.000e-03, 5.300e-03, 1.000e+00,-4.800e-03, 1.900e-03],[ 3.300e-03,-3.700e-03, 4.800e-03, 3.200e-03,-2.000e-03,-4.800e-03, 1.000e+00,-2.965e-01],[-5.200e-03, 3.000e-03,-1.230e-02,-2.814e-01, 8.700e-03, 1.900e-03,-2.965e-01, 1.000e+00]]"
  - "correlation Spearman :[[ 1.000e+00, 9.000e-04,-1.600e-03, 3.600e-03, 2.800e-03,-2.000e-03, 3.300e-03,-6.300e-03],[ 9.000e-04, 1.000e+00, 3.300e-03, 1.600e-03,-4.200e-03,-1.200e-03,-3.700e-03, 3.100e-03],[-1.600e-03, 3.300e-03, 1.000e+00, 1.070e-02, 8.290e-02,-7.840e-02, 4.600e-03,-9.700e-03],[ 3.600e-03, 1.600e-03, 1.070e-02, 1.000e+00, 2.600e-03,-3.100e-03, 3.500e-03,-2.019e-01],[ 2.800e-03,-4.200e-03, 8.290e-02, 2.600e-03, 1.000e+00, 6.700e-03,-9.000e-04, 5.500e-03],[-2.000e-03,-1.200e-03,-7.840e-02,-3.100e-03, 6.700e-03, 1.000e+00,-4.600e-03, 2.200e-03],[ 3.300e-03,-3.700e-03, 4.600e-03, 3.500e-03,-9.000e-04,-4.600e-03, 1.000e+00,-2.962e-01],[-6.300e-03, 3.100e-03,-9.700e-03,-2.019e-01, 5.500e-03, 2.200e-03,-2.962e-01, 1.000e+00]]"
  - "biais : Attention, données synthetiques et déséquilibre de classes avec seulement ~10% d’étudiants dépressifs"

